#Parameters = {L=14.76212419082; Lstrip=14.805091994955; Lsus=35; W=15.46391753; Wstrip=1.65; Wsus=30.927835051546; a=0; d=30.927835051546; e=0.035; epsilonefe=3.505358317; g=1.1715; h=1.58; lambda=61.855670103093; lambdaparche=33.03796639; r_x0=240.2578583; x0=4.6861540903649}
#"Frequency / GHz"	"S1,1 [Magnitude]"
#------------------------------------
4.4000000953674	-5.3875523248858
4.4008998870850	-5.3988422843638
4.4018001556396	-5.4102347293411
4.4026999473572	-5.4217285812479
4.4036002159119	-5.4333293460425
4.4045000076294	-5.4450378160924
4.4053997993469	-5.4568524517793
4.4063000679016	-5.4687768205700
4.4071998596191	-5.4808129129703
4.4081001281738	-5.4929603378320
4.4089999198914	-5.5052219281603
4.4099001884460	-5.5175984234381
4.4107999801636	-5.5300925060590
4.4116997718811	-5.5427037192942
4.4126000404358	-5.5554348087730
4.4134998321533	-5.5682849429534
4.4144001007080	-5.5812591261173
4.4152998924255	-5.5943564332952
4.4162001609802	-5.6075786901402
4.4170999526978	-5.6209268893182
4.4180002212524	-5.6344029510938
4.4189000129700	-5.6480085963304
4.4197998046875	-5.6617438174838
4.4207000732422	-5.6756112963207
4.4215998649597	-5.6896109211713
4.4225001335144	-5.7037454555642
4.4233999252319	-5.7180169304887
4.4243001937866	-5.7324229466583
4.4251999855042	-5.7469690817608
4.4260997772217	-5.7616552639805
4.4270000457764	-5.7764817746978
4.4278998374939	-5.7914509900502
4.4288001060486	-5.8065636470808
4.4296998977661	-5.8218203832935
4.4306001663208	-5.8372243586098
4.4314999580383	-5.8527749298035
4.4324002265930	-5.8684743976445
4.4333000183105	-5.8843250655393
4.4341998100281	-5.9003261792771
4.4351000785828	-5.9164792595942
4.4359998703003	-5.9327863031051
4.4369001388550	-5.9492495670845
4.4377999305725	-5.9658682568344
4.4387001991272	-5.9826439043118
4.4395999908447	-5.9995783119978
4.4404997825623	-6.0166738972762
4.4414000511169	-6.0339297782302
4.4422998428345	-6.0513479831726
4.4432001113892	-6.0689297564220
4.4440999031067	-6.0866758252313
4.4450001716614	-6.1045885750024
4.4458999633789	-6.1226681317986
4.4468002319336	-6.1409155921396
4.4477000236511	-6.1593328885631
4.4485998153687	-6.1779204295013
4.4495000839233	-6.1966804390221
4.4503998756409	-6.2156135957499
4.4513001441956	-6.2347208174993
4.4521999359131	-6.2540037966698
4.4531002044678	-6.2734621130020
4.4539999961853	-6.2930979762721
4.4548997879028	-6.3129138429925
4.4558000564575	-6.3329079713459
4.4566998481750	-6.3530847536800
4.4576001167297	-6.3734417908344
4.4584999084473	-6.3939827015516
4.4594001770020	-6.4147083122074
4.4602999687195	-6.4356195923829
4.4612002372742	-6.4567171578104
4.4621000289917	-6.4780012252176
4.4629998207092	-6.4994762067687
4.4639000892639	-6.5211392462318
4.4647998809814	-6.5429949725380
4.4657001495361	-6.5650404210049
4.4665999412537	-6.5872807071743
4.4675002098083	-6.6097142052667
4.4684000015259	-6.6323433970336
4.4692997932434	-6.6551681289246
4.4702000617981	-6.6781913649456
4.4710998535156	-6.7014124122654
4.4720001220703	-6.7248322909036
4.4728999137878	-6.7484539334635
4.4738001823425	-6.7722764565996
4.4746999740601	-6.7963010300170
4.4755997657776	-6.8205305620193
4.4765000343323	-6.8449646551215
4.4773998260498	-6.8696037372551
4.4783000946045	-6.8944496960657
4.4791998863220	-6.9195033261206
4.4801001548767	-6.9447666073013
4.4809999465942	-6.9702392610636
4.4819002151489	-6.9959232495342
4.4828000068665	-7.0218183633100
4.4836997985840	-7.0479268166034
4.4846000671387	-7.0742487120250
4.4854998588562	-7.1007858443317
4.4864001274109	-7.1275392973754
4.4872999191284	-7.1545090589361
4.4882001876831	-7.1816970493673
4.4890999794006	-7.2091033459902
4.4899997711182	-7.2367302924162
4.4909000396729	-7.2645787053262
4.4917998313904	-7.2926478579600
4.4927000999451	-7.3209404366162
4.4935998916626	-7.3494558519050
4.4945001602173	-7.3781975574471
4.4953999519348	-7.4071639821884
4.4963002204895	-7.4363583790453
4.4972000122070	-7.4657798524260
4.4980998039246	-7.4954295010784
4.4990000724792	-7.5253092224696
4.4998998641968	-7.5554197823312
4.5008001327515	-7.5857619931497
4.5016999244690	-7.6163371593448
4.5026001930237	-7.6471453913127
4.5034999847412	-7.6781881928547
4.5043997764587	-7.7094660515655
4.5053000450134	-7.7409795287701
4.5061998367310	-7.7727315227779
4.5071001052856	-7.8047221153340
4.5079998970032	-7.8369509451488
4.5089001655579	-7.8694208018519
4.5097999572754	-7.9021303424793
4.5107002258301	-7.9350822411158
4.5116000175476	-7.9682766850388
4.5124998092651	-8.0017157066542
4.5134000778198	-8.0353986459596
4.5142998695374	-8.0693269771532
4.5152001380920	-8.1035018460736
4.5160999298096	-8.1379256361643
4.5170001983643	-8.1725954185228
4.5178999900818	-8.2075149616269
4.5187997817993	-8.2426852538292
4.5197000503540	-8.2781046131652
4.5205998420715	-8.3137781773455
4.5215001106262	-8.3497032751805
4.5223999023438	-8.3858811966235
4.5233001708984	-8.4223144391466
4.5241999626160	-8.4590008499732
4.5251002311707	-8.4959448689907
4.5260000228882	-8.5331452910809
4.5268998146057	-8.5706025205999
4.5278000831604	-8.6083195150494
4.5286998748779	-8.6462939862974
4.5296001434326	-8.6845298790428
4.5304999351501	-8.7230257249253
4.5314002037048	-8.7617830004276
4.5322999954224	-8.8008041963178
4.5331997871399	-8.8400855325796
4.5341000556946	-8.8796327121400
4.5349998474121	-8.9194441186736
4.5359001159668	-8.9595195942142
4.5367999076843	-8.9998625492484
4.5377001762390	-9.0404704203830
4.5385999679565	-9.0813471090612
4.5395002365112	-9.1224910908896
4.5404000282288	-9.1639034100901
4.5412998199463	-9.2055849628000
4.5422000885010	-9.2475358645651
4.5430998802185	-9.2897578706239
4.5440001487732	-9.3322499515644
4.5448999404907	-9.3750141081317
4.5458002090454	-9.4180493660336
4.5467000007629	-9.4613583942196
4.5475997924805	-9.5049398006583
4.5485000610352	-9.5487956727303
4.5493998527527	-9.5929241335047
4.5503001213074	-9.6373284656060
4.5511999130249	-9.6820052056943
4.5521001815796	-9.7269593088230
4.5529999732971	-9.7721878748511
4.5538997650146	-9.8176918019134
4.5548000335693	-9.8634730357953
4.5556998252869	-9.9095302479802
4.5566000938416	-9.9558627807282
4.5574998855591	-10.002473048700
4.5584001541138	-10.049360050487
4.5592999458313	-10.096524461741
4.5602002143860	-10.143966158096
4.5611000061035	-10.191684916556
4.5619997978210	-10.239679596207
4.5629000663757	-10.287951972918
4.5637998580933	-10.336501340192
4.5647001266479	-10.385327405743
4.5655999183655	-10.434430963051
4.5665001869202	-10.483808667003
4.5673999786377	-10.533465182323
4.5682997703552	-10.583396011913
4.5692000389099	-10.633602809183
4.5700998306274	-10.684084931555
4.5710000991821	-10.734840183408
4.5718998908997	-10.785869141807
4.5728001594543	-10.837172788867
4.5736999511719	-10.888746799651
4.5746002197266	-10.940592532127
4.5755000114441	-10.992710613197
4.5763998031616	-11.045098304427
4.5773000717163	-11.097754832700
4.5781998634338	-11.150678704062
4.5791001319885	-11.203868625367
4.5799999237061	-11.257325372572
4.5809001922607	-11.311044254460
4.5817999839783	-11.365024508598
4.5826997756958	-11.419267495586
4.5836000442505	-11.473769001786
4.5844998359680	-11.528528823904
4.5854001045227	-11.583543020764
4.5862998962402	-11.638811718659
4.5872001647949	-11.694330274531
4.5880999565125	-11.750099114579
4.5890002250671	-11.806114850026
4.5899000167847	-11.862374223224
4.5907998085022	-11.918877052339
4.5917000770569	-11.975615754869
4.5925998687744	-12.032592972760
4.5935001373291	-12.089802244747
4.5943999290466	-12.147240852609
4.5953001976013	-12.204906568565
4.5961999893188	-12.262793797972
4.5970997810364	-12.320901926907
4.5980000495911	-12.379223350328
4.5988998413086	-12.437757213238
4.5998001098633	-12.496496835898
4.6006999015808	-12.555439811116
4.6016001701355	-12.614580745081
4.6024999618530	-12.673914104541
4.6034002304077	-12.733434793792
4.6043000221252	-12.793138957161
4.6051998138428	-12.853019477659
4.6061000823975	-12.913071449802
4.6069998741150	-12.973288542087
4.6079001426697	-13.033664826682
4.6087999343872	-13.094193478370
4.6097002029419	-13.154868441100
4.6105999946594	-13.215682369345
4.6114997863770	-13.276628012058
4.6124000549316	-13.337696681645
4.6132998466492	-13.398883323854
4.6142001152039	-13.460176303791
4.6150999069214	-13.521569867856
4.6160001754761	-13.583054408907
4.6168999671936	-13.644620985226
4.6178002357483	-13.706259165648
4.6187000274658	-13.767960756871
4.6195998191833	-13.829715647970
4.6205000877380	-13.891513267309
4.6213998794556	-13.953341203939
4.6223001480103	-14.015191193915
4.6231999397278	-14.077050605216
4.6241002082825	-14.138906948577
4.6250000000000	-14.200749231394
4.6258997917175	-14.262563146402
4.6268000602722	-14.324338073722
4.6276998519897	-14.386058909978
4.6286001205444	-14.447714496932
4.6294999122620	-14.509288277619
4.6304001808167	-14.570766122158
4.6312999725342	-14.632134444531
4.6321997642517	-14.693376367209
4.6331000328064	-14.754477969274
4.6339998245239	-14.815422834905
4.6349000930786	-14.876192642756
4.6357998847961	-14.936773832549
4.6367001533508	-14.997146291022
4.6375999450684	-15.057293630345
4.6385002136230	-15.117198846506
4.6394000053406	-15.176841973213
4.6402997970581	-15.236205779512
4.6412000656128	-15.295268905186
4.6420998573303	-15.354014667662
4.6430001258850	-15.412422847263
4.6438999176025	-15.470470971186
4.6448001861572	-15.528140395200
4.6456999778748	-15.585411584968
4.6465997695923	-15.642260965714
4.6475000381470	-15.698668779410
4.6483998298645	-15.754614260988
4.6493000984192	-15.810074559856
4.6501998901367	-15.865027952383
4.6511001586914	-15.919451682297
4.6519999504089	-15.973325578348
4.6529002189636	-16.026624752418
4.6538000106812	-16.079328260214
4.6546998023987	-16.131413316789
4.6556000709534	-16.182855895230
4.6564998626709	-16.233636592116
4.6574001312256	-16.283729029379
4.6582999229431	-16.333113888528
4.6592001914978	-16.381766767564
4.6600999832153	-16.429666896332
4.6609997749329	-16.476792052588
4.6619000434875	-16.523120463973
4.6627998352051	-16.568630028123
4.6637001037598	-16.613297575230
4.6645998954773	-16.657106377800
4.6655001640320	-16.700033715921
4.6663999557495	-16.742059797758
4.6673002243042	-16.783164935400
4.6682000160217	-16.823331383900
4.6690998077393	-16.862539797211
4.6700000762939	-16.900772661339
4.6708998680115	-16.938012840781
4.6718001365662	-16.974243625059
4.6726999282837	-17.009449216813
4.6736001968384	-17.043618279160
4.6744999885559	-17.076732024732
4.6753997802734	-17.108781527648
4.6763000488281	-17.139750987137
4.6771998405457	-17.169632141769
4.6781001091003	-17.198412784283
4.6789999008179	-17.226086436771
4.6799001693726	-17.252642060897
4.6807999610901	-17.278074204272
4.6817002296448	-17.302377792971
4.6826000213623	-17.325543609234
4.6834998130798	-17.347574203530
4.6844000816345	-17.368462716920
4.6852998733521	-17.388208644961
4.6862001419067	-17.406812157125
4.6870999336243	-17.424274765611
4.6880002021790	-17.440595527793
4.6888999938965	-17.455780758669
4.6897997856140	-17.469832804367
4.6907000541687	-17.482758634921
4.6915998458862	-17.494563129798
4.6925001144409	-17.505255274326
4.6933999061584	-17.514841607320
4.6943001747131	-17.523335043424
4.6951999664307	-17.530744173338
4.6961002349854	-17.537080570103
4.6970000267029	-17.542357211867
4.6978998184204	-17.546587641461
4.6988000869751	-17.549787806664
4.6996998786926	-17.551971742373
4.7006001472473	-17.553154006246
4.7014999389648	-17.553355631067
4.7024002075195	-17.552590924647
4.7032999992371	-17.550878088254
4.7041997909546	-17.548238886854
4.7051000595093	-17.544690546591
4.7059998512268	-17.540252733169
4.7069001197815	-17.534949790365
4.7077999114990	-17.528797858058
4.7087001800537	-17.521824049780
4.7095999717712	-17.514044079912
4.7104997634888	-17.505484100847
4.7114000320435	-17.496165715343
4.7122998237610	-17.486111419186
4.7132000923157	-17.475345171885
4.7140998840332	-17.463888097750
4.7150001525879	-17.451767281267
4.7158999443054	-17.439001736303
4.7168002128601	-17.425616209845
4.7177000045776	-17.411635707776
4.7185997962952	-17.397081240292
4.7195000648499	-17.381977439162
4.7203998565674	-17.366346008753
4.7213001251221	-17.350214593126
4.7221999168396	-17.333600348341
4.7231001853943	-17.316529635057
4.7239999771118	-17.299021436925
4.7248997688293	-17.281103971428
4.7258000373840	-17.262794342755
4.7266998291016	-17.244116522688
4.7276000976562	-17.225092374780
4.7284998893738	-17.205740850921
4.7294001579285	-17.186084662851
4.7302999496460	-17.166145642715
4.7312002182007	-17.145941763140
4.7321000099182	-17.125493827359
4.7329998016357	-17.104821934089
4.7339000701904	-17.083945779299
4.7347998619080	-17.062883330318
4.7357001304626	-17.041651395887
4.7365999221802	-17.020271857278
4.7375001907349	-16.998761246433
4.7383999824524	-16.977135337927
4.7392997741699	-16.955412973353
4.7402000427246	-16.933608575931
4.7410998344421	-16.911740672753
4.7420001029968	-16.889822838165
4.7428998947144	-16.867873131099
4.7438001632690	-16.845904223729
4.7446999549866	-16.823931890907
4.7456002235413	-16.801969517336
4.7465000152588	-16.780032767923
4.7473998069763	-16.758132834006
4.7483000755310	-16.736285044968
4.7491998672485	-16.714500866284
4.7501001358032	-16.692793136127
4.7509999275208	-16.671173797834
4.7519001960754	-16.649654020044
4.7527999877930	-16.628246520539
4.7536997795105	-16.606962090073
4.7546000480652	-16.585810487040
4.7554998397827	-16.564802134393
4.7564001083374	-16.543948447930
4.7572999000549	-16.523258187869
4.7582001686096	-16.502740663805
4.7590999603271	-16.482405208003
4.7600002288818	-16.462261769640
4.7609000205994	-16.442317919291
4.7617998123169	-16.422580381664
4.7627000808716	-16.403060633130
4.7635998725891	-16.383764061375
4.7645001411438	-16.364700790362
4.7653999328613	-16.345876063954
4.7663002014160	-16.327296578797
4.7671999931335	-16.308969720714
4.7680997848511	-16.290902093164
4.7690000534058	-16.273100987187
4.7698998451233	-16.255571704070
4.7708001136780	-16.238322202737
4.7716999053955	-16.221353358072
4.7726001739502	-16.204676727220
4.7734999656677	-16.188292982045
4.7744002342224	-16.172211225362
4.7753000259399	-16.156432282307
4.7761998176575	-16.140965789525
4.7771000862122	-16.125812441574
4.7779998779297	-16.110977732571
4.7789001464844	-16.096468847970
4.7797999382019	-16.082286756770
4.7807002067566	-16.068438137349
4.7815999984741	-16.054922863544
4.7824997901917	-16.041749949992
4.7834000587463	-16.028919040099
4.7842998504639	-16.016437911684
4.7852001190186	-16.004305468015
4.7860999107361	-15.992527790643
4.7870001792908	-15.981107198071
4.7878999710083	-15.970047402948
4.7887997627258	-15.959350936708
4.7897000312805	-15.949020647101
4.7905998229980	-15.939061163670
4.7915000915527	-15.929471284936
4.7923998832703	-15.920258173893
4.7933001518250	-15.911421318177
4.7941999435425	-15.902964968101
4.7951002120972	-15.894890828083
4.7960000038147	-15.887201125390
4.7968997955322	-15.879898838486
4.7978000640869	-15.872985375018
4.7986998558044	-15.866462949692
4.7996001243591	-15.860335101757
4.8004999160767	-15.854600688146
4.8014001846313	-15.849265474305
4.8022999763489	-15.844328593960
4.8031997680664	-15.839792574136
4.8041000366211	-15.835659286244
4.8049998283386	-15.831931221320
4.8059000968933	-15.828609112723
4.8067998886108	-15.825695900541
4.8077001571655	-15.823191745990
4.8085999488831	-15.821098770809
4.8095002174377	-15.819417374111
4.8104000091553	-15.818152350191
4.8112998008728	-15.817302010982
4.8122000694275	-15.816868761199
4.8130998611450	-15.816853359129
4.8140001296997	-15.817258314325
4.8148999214172	-15.818084981700
4.8158001899719	-15.819333032224
4.8166999816895	-15.821004886253
4.8175997734070	-15.823102672985
4.8185000419617	-15.825624739963
4.8193998336792	-15.828574595557
4.8203001022339	-15.831953128936
4.8211998939514	-15.835761701817
4.8221001625061	-15.840000069935
4.8229999542236	-15.844670413262
4.8239002227783	-15.849773507228
4.8248000144958	-15.855309707273
4.8256998062134	-15.861280419053
4.8266000747681	-15.867687750613
4.8274998664856	-15.874532015961
4.8284001350403	-15.881812334340
4.8292999267578	-15.889531487197
4.8302001953125	-15.897690399567
4.8310999870300	-15.906288888493
4.8319997787476	-15.915329856517
4.8329000473022	-15.924811304917
4.8337998390198	-15.934736740610
4.8347001075745	-15.945103355296
4.8355998992920	-15.955915639688
4.8365001678467	-15.967173199450
4.8373999595642	-15.978874722165
4.8383002281189	-15.991023317661
4.8392000198364	-16.003618618998
4.8400998115540	-16.016661169200
4.8410000801086	-16.030151531561
4.8418998718262	-16.044091398429
4.8428001403809	-16.058479541991
4.8436999320984	-16.073316989845
4.8446002006531	-16.088605537265
4.8454999923706	-16.104341818091
4.8463997840881	-16.120531167518
4.8473000526428	-16.137171056412
4.8481998443604	-16.154262019850
4.8491001129150	-16.171804736047
4.8499999046326	-16.189799471779
4.8509001731873	-16.208245930860
4.8517999649048	-16.227145365577
4.8527002334595	-16.246495428376
4.8536000251770	-16.266297935225
4.8544998168945	-16.286551582724
4.8554000854492	-16.307258488627
4.8562998771667	-16.328417055591
4.8572001457214	-16.350027034759
4.8580999374390	-16.372086196473
4.8590002059937	-16.394598773556
4.8598999977112	-16.417560523298
4.8607997894287	-16.440971542550
4.8617000579834	-16.464830787351
4.8625998497009	-16.489140063961
4.8635001182556	-16.513894390810
4.8643999099731	-16.539097423050
4.8653001785278	-16.564743445407
4.8661999702454	-16.590835070549
4.8670997619629	-16.617368803552
4.8680000305176	-16.644344660504
4.8688998222351	-16.671758424854
4.8698000907898	-16.699612257875
4.8706998825073	-16.727901853517
4.8716001510620	-16.756625301838
4.8724999427795	-16.785781936060
4.8734002113342	-16.815367047182
4.8743000030518	-16.845379994956
4.8751997947693	-16.875816648318
4.8761000633240	-16.906674452610
4.8769998550415	-16.937952612492
4.8779001235962	-16.969644915054
4.8787999153137	-17.001748723187
4.8797001838684	-17.034261788569
4.8805999755859	-17.067177717656
4.8814997673035	-17.100493984878
4.8824000358582	-17.134204826788
4.8832998275757	-17.168305760817
4.8842000961304	-17.202792691345
4.8850998878479	-17.237659452011
4.8860001564026	-17.272898456158
4.8868999481201	-17.308507881046
4.8878002166748	-17.344477919595
4.8887000083923	-17.380801651839
4.8895998001099	-17.417473571457
4.8905000686646	-17.454486651148
4.8913998603821	-17.491830172083
4.8923001289368	-17.529498738306
4.8931999206543	-17.567481356665
4.8941001892090	-17.605769805753
4.8949999809265	-17.644352794600
4.8958997726440	-17.683221765662
4.8968000411987	-17.722365580989
4.8976998329163	-17.761771865552
4.8986001014709	-17.801430027085
4.8994998931885	-17.841325020237
4.9004001617432	-17.881447146104
4.9012999534607	-17.921780437185
4.9022002220154	-17.962310889935
4.9031000137329	-18.003024440223
4.9039998054504	-18.043904027987
4.9049000740051	-18.084933783854
4.9057998657227	-18.126096005839
4.9067001342773	-18.167372978514
4.9075999259949	-18.208745166701
4.9085001945496	-18.250194537235
4.9093999862671	-18.291699757900
4.9102997779846	-18.333239330830
4.9112000465393	-18.374792267752
4.9120998382568	-18.416334636202
4.9130001068115	-18.457842858460
4.9138998985291	-18.499292162571
4.9148001670837	-18.540656420771
4.9156999588013	-18.581909270106
4.9166002273560	-18.623023659583
4.9175000190735	-18.663969490458
4.9183998107910	-18.704718664286
4.9193000793457	-18.745240071394
4.9201998710632	-18.785500675502
4.9211001396179	-18.825470570367
4.9219999313354	-18.865114574114
4.9229001998901	-18.904397819484
4.9237999916077	-18.943286369139
4.9246997833252	-18.981742106454
4.9256000518799	-19.019728471705
4.9264998435974	-19.057205256842
4.9274001121521	-19.094136778442
4.9282999038696	-19.130480302287
4.9292001724243	-19.166195290245
4.9300999641418	-19.201239140961
4.9310002326965	-19.235570478860
4.9319000244141	-19.269146938813
4.9327998161316	-19.301923041199
4.9337000846863	-19.333855601935
4.9345998764038	-19.364898140288
4.9355001449585	-19.395006994751
4.9363999366760	-19.424135052701
4.9373002052307	-19.452238276683
4.9381999969482	-19.479270071088
4.9390997886658	-19.505182332509
4.9400000572205	-19.529931907409
4.9408998489380	-19.553471682278
4.9418001174927	-19.575756548910
4.9426999092102	-19.596742900150
4.9436001777649	-19.616384499545
4.9444999694824	-19.634638084108
4.9454002380371	-19.651461590546
4.9463000297546	-19.666811864355
4.9471998214722	-19.680649544184
4.9481000900269	-19.692934967095
4.9489998817444	-19.703629080743
4.9499001502991	-19.712697822388
4.9507999420166	-19.720104539698
4.9517002105713	-19.725817514381
4.9526000022888	-19.729805273606
4.9534997940063	-19.732038785147
4.9544000625610	-19.732492472686
4.9552998542786	-19.731140972353
4.9562001228333	-19.727963440953
4.9570999145508	-19.722940445577
4.9580001831055	-19.716055260229
4.9588999748230	-19.707293829638
4.9597997665405	-19.696645278190
4.9607000350952	-19.684100890790
4.9615998268127	-19.669656282167
4.9625000953674	-19.653306954885
4.9633998870850	-19.635055406440
4.9643001556396	-19.614903496022
4.9651999473572	-19.592855928862
4.9661002159119	-19.568924945058
4.9670000076294	-19.543118889837
4.9678997993469	-19.515453402724
4.9688000679016	-19.485946657703
4.9696998596191	-19.454616492655
4.9706001281738	-19.421486031672
4.9714999198914	-19.386578360878
4.9724001884460	-19.349922811405
4.9732999801636	-19.311545689022
4.9741997718811	-19.271480037601
4.9751000404358	-19.229757769258
4.9759998321533	-19.186414926653
4.9769001007080	-19.141485738324
4.9777998924255	-19.095010124672
4.9787001609802	-19.047026587620
4.9795999526978	-18.997575309261
4.9805002212524	-18.946697529171
4.9814000129700	-18.894438133327
4.9822998046875	-18.840837415227
4.9832000732422	-18.785941927289
4.9840998649597	-18.729793669749
4.9850001335144	-18.672439647239
4.9858999252319	-18.613924375095
4.9868001937866	-18.554292763163
4.9876999855042	-18.493590501593
4.9885997772217	-18.431863655691
4.9895000457764	-18.369156921111
4.9903998374939	-18.305515064002
4.9913001060486	-18.240981833686
4.9921998977661	-18.175601672965
4.9931001663208	-18.109418863979
4.9939999580383	-18.042475647943
4.9949002265930	-17.974815492867
4.9958000183105	-17.906479486393
4.9966998100281	-17.837508404750
4.9976000785828	-17.767940034233
4.9984998703003	-17.697817987694
4.9994001388550	-17.627175873098
5.0002999305725	-17.556054711932
5.0012001991272	-17.484489538277
5.0020999908447	-17.412516953667
5.0029997825623	-17.340168970531
5.0039000511169	-17.267479799679
5.0047998428345	-17.194483953245
5.0057001113892	-17.121212676721
5.0065999031067	-17.047694059312
5.0075001716614	-16.973959792356
5.0083999633789	-16.900039202087
5.0093002319336	-16.825956686871
5.0102000236511	-16.751740646850
5.0110998153687	-16.677418085339
5.0120000839233	-16.603013886622
5.0128998756409	-16.528549060445
5.0138001441956	-16.454047445082
5.0146999359131	-16.379531644068
5.0156002044678	-16.305022255089
5.0164999961853	-16.230539953635
5.0173997879028	-16.156105652792
5.0183000564575	-16.081735161940
5.0191998481750	-16.007447383153
5.0201001167297	-15.933259163952
5.0209999084473	-15.859186155752
5.0219001770020	-15.785246690964
5.0227999687195	-15.711452942468
5.0237002372742	-15.637819055940
5.0246000289917	-15.564359986266
5.0254998207092	-15.491088324631
5.0264000892639	-15.418015030529
5.0272998809814	-15.345152537239
5.0282001495361	-15.272511827559
5.0290999412537	-15.200103842237
5.0300002098083	-15.127936700783
5.0309000015259	-15.056022491396
5.0317997932434	-14.984368530453
5.0327000617981	-14.912984005044
5.0335998535156	-14.841875495618
5.0345001220703	-14.771053390754
5.0353999137878	-14.700521402910
5.0363001823425	-14.630287553500
5.0371999740601	-14.560359244045
5.0380997657776	-14.490741570376
5.0390000343323	-14.421438987163
5.0398998260498	-14.352459565491
5.0408000946045	-14.283804754140
5.0416998863220	-14.215482663237
5.0426001548767	-14.147495139064
5.0434999465942	-14.079846133389
5.0444002151489	-14.012541743034
5.0453000068665	-13.945582929928
5.0461997985840	-13.878973127159
5.0471000671387	-13.812716112998
5.0479998588562	-13.746814274958
5.0489001274109	-13.681271376710
5.0497999191284	-13.616087666661
5.0507001876831	-13.551265427605
5.0515999794006	-13.486808524923
5.0524997711182	-13.422717219010
5.0534000396729	-13.358993096969
5.0542998313904	-13.295637900783
5.0552000999451	-13.232652354741
5.0560998916626	-13.170037550834
5.0570001602173	-13.107794669057
5.0578999519348	-13.045924798763
5.0588002204895	-12.984428047682
5.0597000122070	-12.923305408445
5.0605998039246	-12.862557267489
5.0615000724792	-12.802183353146
5.0623998641968	-12.742184519510
5.0633001327515	-12.682561103962
5.0641999244690	-12.623311735832
5.0651001930237	-12.564437748849
5.0659999847412	-12.505937852213
5.0668997764587	-12.447812949214
5.0678000450134	-12.390062309442
5.0686998367310	-12.332684459176
5.0696001052856	-12.275679695725
5.0704998970032	-12.219048954992
5.0714001655579	-12.162789871234
5.0722999572754	-12.106901995767
5.0732002258301	-12.051384227198
5.0741000175476	-11.996236969160
5.0749998092651	-11.941457753491
5.0759000778198	-11.887048130843
5.0767998695374	-11.833005709648
5.0777001380920	-11.779329437998
5.0785999298096	-11.726018819030
5.0795001983643	-11.673071916324
5.0803999900818	-11.620489117494
5.0812997817993	-11.568268551020
5.0822000503540	-11.516408102407
5.0830998420715	-11.464910278898
5.0840001106262	-11.413768393298
5.0848999023438	-11.362985281220
5.0858001708984	-11.312558359405
5.0866999626160	-11.262487818770
5.0876002311707	-11.212770248166
5.0885000228882	-11.163406108925
5.0893998146057	-11.114392022689
5.0903000831604	-11.065729720429
5.0911998748779	-11.017416769825
5.0921001434326	-10.969449448161
5.0929999351501	-10.921829617204
5.0939002037048	-10.874554374399
5.0947999954224	-10.827621346587
5.0956997871399	-10.781031843221
5.0966000556946	-10.734783658204
5.0974998474121	-10.688874326076
5.0984001159668	-10.643301959946
5.0992999076843	-10.598068217710
5.1002001762390	-10.553168901947
5.1010999679565	-10.508602474629
5.1020002365112	-10.464370040294
5.1029000282288	-10.420467166798
5.1037998199463	-10.376894606526
5.1047000885010	-10.333651019124
5.1055998802185	-10.290732865485
5.1065001487732	-10.248141074723
5.1073999404907	-10.205874020569
5.1083002090454	-10.163929781889
5.1092000007629	-10.122305647069
5.1100997924805	-10.081001192834
5.1110000610352	-10.040015726333
5.1118998527527	-9.9993465283357
5.1128001213074	-9.9589949840739
5.1136999130249	-9.9189574893465
5.1146001815796	-9.8792314727017
5.1154999732971	-9.8398182519955
5.1163997650146	-9.8007150069171
5.1173000335693	-9.7619209133640
5.1181998252869	-9.7234339963078
5.1191000938416	-9.6852526756819
5.1199998855591	-9.6473761581922
5.1209001541138	-9.6098030120117
5.1217999458313	-9.5725337281713
5.1227002143860	-9.5355638041416
5.1236000061035	-9.4988922478233
5.1244997978210	-9.4625205846459
5.1254000663757	-9.4264436219910
5.1262998580933	-9.3906647625064
5.1272001266479	-9.3551775225249
5.1280999183655	-9.3199841492153
5.1290001869202	-9.2850827108434
5.1298999786377	-9.2504706648370
5.1307997703552	-9.2161473570740
5.1317000389099	-9.1821127098165
5.1325998306274	-9.1483643291026
5.1335000991821	-9.1149001725771
5.1343998908997	-9.0817189815440
5.1353001594543	-9.0488208846045
5.1361999511719	-9.0162044641608
5.1371002197266	-8.9838696851691
5.1380000114441	-8.9518104121150
5.1388998031616	-8.9200303783654
5.1398000717163	-8.8885260347570
5.1406998634338	-8.8572971551682
5.1416001319885	-8.8263427635890
5.1424999237061	-8.7956602793467
5.1434001922607	-8.7652484767727
5.1442999839783	-8.7351067319027
5.1451997756958	-8.7052351971345
5.1461000442505	-8.6756290786898
5.1469998359680	-8.6462919396451
5.1479001045227	-8.6172191617900
5.1487998962402	-8.5884105540995
5.1497001647949	-8.5598656485981
5.1505999565125	-8.5315815683851
5.1515002250671	-8.5035579869041
5.1524000167847	-8.4757937582403
5.1532998085022	-8.4482892305343
5.1542000770569	-8.4210400163047
5.1550998687744	-8.3940476357510
5.1560001373291	-8.3673093142637
5.1568999290466	-8.3408250364911
5.1578001976013	-8.3145923915695
5.1586999893188	-8.2886130360476
5.1595997810364	-8.2628825225445
5.1605000495911	-8.2374014470763
5.1613998413086	-8.2121676803931
5.1623001098633	-8.1871817855402
5.1631999015808	-8.1624390909038
5.1641001701355	-8.1379424677655
5.1649999618530	-8.1136895688548
5.1659002304077	-8.0896784327359
5.1668000221252	-8.0659086215958
5.1676998138428	-8.0423775912111
5.1686000823975	-8.0190867518974
5.1694998741150	-7.9960335360536
5.1704001426697	-7.9732164861102
5.1712999343872	-7.9506354560303
5.1722002029419	-7.9282872617740
5.1730999946594	-7.9061743543483
5.1739997863770	-7.8842920911500
5.1749000549316	-7.8626416175644
5.1757998466492	-7.8412202903040
5.1767001152039	-7.8200280301480
5.1775999069214	-7.7990637086363
5.1785001754761	-7.7783258190705
5.1793999671936	-7.7578131741569
5.1803002357483	-7.7375246783285
5.1812000274658	-7.7174600456276
5.1820998191833	-7.6976162245746
5.1830000877380	-7.6779940672138
5.1838998794556	-7.6585922016628
5.1848001480103	-7.6394081896425
5.1856999397278	-7.6204416497841
5.1866002082825	-7.6016919293235
5.1875000000000	-7.5831572481726
5.1883997917175	-7.5648365938206
5.1893000602722	-7.5467288675879
5.1901998519897	-7.5288328936763
5.1911001205444	-7.5111487004978
5.1919999122620	-7.4936732140003
5.1929001808167	-7.4764064918349
5.1937999725342	-7.4593462263411
5.1946997642517	-7.4424930063312
5.1956000328064	-7.4258439610580
5.1964998245239	-7.4093983029306
5.1974000930786	-7.3931562855870
5.1982998847961	-7.3771153420149
5.1992001533508	-7.3612744000927
5.2000999450684	-7.3456324030588
5.2010002136230	-7.3301887083715
5.2019000053406	-7.3149415654350
5.2027997970581	-7.2998898574271
5.2037000656128	-7.2850321754876
5.2045998573303	-7.2703677502384
5.2055001258850	-7.2558936957808
5.2063999176025	-7.2416120806089
5.2073001861572	-7.2275188156571
5.2081999778748	-7.2136145151069
5.2090997695923	-7.1998963398049
5.2100000381470	-7.1863634263904
5.2108998298645	-7.1730159245790
5.2118000984192	-7.1598503604500
5.2126998901367	-7.1468673706593
5.2136001586914	-7.1340635367972
5.2144999504089	-7.1214405106376
5.2154002189636	-7.1089941702117
5.2163000106812	-7.0967252404278
5.2171998023987	-7.0846309150903
5.2181000709534	-7.0727104996469
5.2189998626709	-7.0609628292080
5.2199001312256	-7.0493863654748
5.2207999229431	-7.0379798265299
5.2217001914978	-7.0267412467240
5.2225999832153	-7.0156704326762
5.2234997749329	-7.0047641012999
5.2244000434875	-6.9940235276809
5.2252998352051	-6.9834449126931
5.2262001037598	-6.9730277202887
5.2270998954773	-6.9627699791423
5.2280001640320	-6.9526712951332
5.2288999557495	-6.9427296677472
5.2298002243042	-6.9329431223105
5.2307000160217	-6.9233110694802
5.2315998077393	-6.9138322352271
5.2325000762939	-6.9045038722368
5.2333998680115	-6.8953251023205
5.2343001365662	-6.8862947909104
5.2351999282837	-6.8774107400463
5.2361001968384	-6.8686713376892
5.2369999885559	-6.8600753419733
5.2378997802734	-6.8516219025798
5.2388000488281	-6.8433081662881
5.2396998405457	-6.8351323399520
5.2406001091003	-6.8270950352268
5.2414999008179	-6.8191918775056
5.2424001693726	-6.8114221761283
5.2432999610901	-6.8037843703490
5.2442002296448	-6.7962776637833
5.2451000213623	-6.7888988388995
5.2459998130798	-6.7816471930555
5.2469000816345	-6.7745208532829
5.2477998733521	-6.7675178366175
5.2487001419067	-6.7606364467170
5.2495999336243	-6.7538746421952
5.2505002021790	-6.7472309694530
5.2513999938965	-6.7407039073615
5.2522997856140	-6.7342910434215
5.2532000541687	-6.7279913470436
5.2540998458862	-6.7218028391167
5.2550001144409	-6.7157224027253
5.2558999061584	-6.7097487337308
5.2568001747131	-6.7038819435019
5.2576999664307	-6.6981170949085
5.2586002349854	-6.6924545652598
5.2595000267029	-6.6868909702726
5.2603998184204	-6.6814248853159
5.2613000869751	-6.6760542354833
5.2621998786926	-6.6707781343129
5.2631001472473	-6.6655930380390
5.2639999389648	-6.6604978636646
5.2649002075195	-6.6554896367873
5.2657999992371	-6.6505674125199
5.2666997909546	-6.6457288223408
5.2676000595093	-6.6409713776469
5.2684998512268	-6.6362932811747
5.2694001197815	-6.6316935346949
5.2702999114990	-6.6271687427509
5.2712001800537	-6.6227155573651
5.2720999717712	-6.6183347437978
5.2729997634888	-6.6140228220775
5.2739000320435	-6.6097784608018
5.2747998237610	-6.6055975300238
5.2757000923157	-6.6014787891245
5.2765998840332	-6.5974205744410
5.2775001525879	-6.5934209619559
5.2783999443054	-6.5894781023439
5.2793002128601	-6.5855873516383
5.2802000045776	-6.5817486391553
5.2810997962952	-6.5779591759103
5.2820000648499	-6.5742164527757
5.2828998565674	-6.5705182003082
5.2838001251221	-6.5668624591114
5.2846999168396	-6.5632484075487
5.2856001853943	-6.5596714072268
5.2864999771118	-6.5561300381808
5.2873997688293	-6.5526220328540
5.2883000373840	-6.5491451286841
5.2891998291016	-6.5456990696147
5.2901000976562	-6.5422771451188
5.2909998893738	-6.5388809739619
5.2919001579285	-6.5355060653588
5.2927999496460	-6.5321505839850
5.2937002182007	-6.5288143601318
5.2946000099182	-6.5254915035918
5.2954998016357	-6.5221810583245
5.2964000701904	-6.5188827761732
5.2972998619080	-6.5155926426323
5.2982001304626	-6.5123069856396
5.2990999221802	-6.5090270748053
5.3000001907349	-6.5057479893429
