#Parameters = {L_parche_inf=15.28; L_parche_sup=14.98; Long_linea=17.19; W_linea=1.5; W_parche_inf=21.62; W_parche_sup=21.62; alpha=-21.96324717241; distancia_entre_parches=44.68085106383; h_0=4.335; h_cobre=0.035; h_sus=1.58; lambda_0=63.829787234042}
#"Frequency / GHz"	"S1,1 [Magnitude / dB]"
#-----------------------------------------
3.2000000476837	-1.9178772443143
3.2030000686646	-1.9171913720671
3.2060000896454	-1.9185405315244
3.2090001106262	-1.9218565644845
3.2119998931885	-1.9270359210034
3.2149999141693	-1.9339431220953
3.2179999351501	-1.9424165766977
3.2209999561310	-1.9522604991135
3.2239999771118	-1.9632618853671
3.2269999980927	-1.9751800986622
3.2300000190735	-1.9877649462752
3.2330000400543	-2.0007519782922
3.2360000610352	-2.0138677270762
3.2390000820160	-2.0268395208718
3.2420001029968	-2.0393991872894
3.2449998855591	-2.0512859521678
3.2479999065399	-2.0622528194937
3.2509999275208	-2.0720767588679
3.2539999485016	-2.0805554283610
3.2569999694824	-2.0875172833612
3.2599999904633	-2.0928247957133
3.2630000114441	-2.0963759314851
3.2660000324249	-2.0981067770365
3.2690000534058	-2.0979963062351
3.2720000743866	-2.0960586457500
3.2750000953674	-2.0923523490177
3.2780001163483	-2.0869746135449
3.2809998989105	-2.0800543887927
3.2839999198914	-2.0717570688735
3.2869999408722	-2.0622751833129
3.2899999618530	-2.0518240903242
3.2929999828339	-2.0406384425211
3.2960000038147	-2.0289725904150
3.2990000247955	-2.0170785603308
3.3020000457764	-2.0052231897637
3.3050000667572	-1.9936625573659
3.3080000877380	-1.9826502763559
3.3110001087189	-1.9724297881998
3.3139998912811	-1.9632234053339
3.3169999122620	-1.9552411641588
3.3199999332428	-1.9486639163297
3.3229999542236	-1.9436513912080
3.3259999752045	-1.9403332921418
3.3289999961853	-1.9388119189453
3.3320000171661	-1.9391561102337
3.3350000381470	-1.9414025341898
3.3380000591278	-1.9455583896743
3.3410000801086	-1.9515970325375
3.3440001010895	-1.9594606883002
3.3469998836517	-1.9690582774458
3.3499999046326	-1.9802746292291
3.3529999256134	-1.9929623648104
3.3559999465942	-2.0069511785153
3.3589999675751	-2.0220494358469
3.3619999885559	-2.0380466076434
3.3650000095367	-2.0547149459103
3.3680000305176	-2.0718180543027
3.3710000514984	-2.0891106813827
3.3740000724792	-2.1063496309126
3.3770000934601	-2.1232913348552
3.3800001144409	-2.1396999303834
3.3829998970032	-2.1553547726015
3.3859999179840	-2.1700517574171
3.3889999389648	-2.1836103403829
3.3919999599457	-2.1958771996521
3.3949999809265	-2.2067265661147
3.3980000019073	-2.2160701960894
3.4010000228882	-2.2238524336559
3.4040000438690	-2.2300562063167
3.4070000648499	-2.2347039364654
3.4100000858307	-2.2378509522912
3.4130001068115	-2.2395949250039
3.4159998893738	-2.2400634104729
3.4189999103546	-2.2394164463045
3.4219999313354	-2.2378448754674
3.4249999523163	-2.2355588657968
3.4279999732971	-2.2327917856321
3.4309999942780	-2.2297903204719
3.4340000152588	-2.2268098489867
3.4370000362396	-2.2241125177387
3.4400000572205	-2.2219601240947
3.4430000782013	-2.2206085341887
3.4460000991821	-2.2203056982463
3.4489998817444	-2.2212834804323
3.4519999027252	-2.2237600490494
3.4549999237061	-2.2279305121925
3.4579999446869	-2.2339668138958
3.4609999656677	-2.2420169066564
3.4639999866486	-2.2521957245589
3.4670000076294	-2.2645937449463
3.4700000286102	-2.2792678387238
3.4730000495911	-2.2962417662897
3.4760000705719	-2.3155093072821
3.4790000915527	-2.3370304510653
3.4820001125336	-2.3607351761463
3.4849998950958	-2.3865215172143
3.4879999160767	-2.4142588313814
3.4909999370575	-2.4437877813078
3.4939999580383	-2.4749270004535
3.4969999790192	-2.5074726066383
3.5000000000000	-2.5412002630662
3.5030000209808	-2.5758725374383
3.5060000419617	-2.6112422649542
3.5090000629425	-2.6470559738857
3.5120000839233	-2.6830635135434
3.5150001049042	-2.7190134706751
3.5179998874664	-2.7546724094137
3.5209999084473	-2.7898210842834
3.5239999294281	-2.8242645299126
3.5269999504089	-2.8578338710977
3.5299999713898	-2.8903949941566
3.5329999923706	-2.9218527367979
3.5360000133514	-2.9521517883393
3.5390000343323	-2.9812854916526
3.5420000553131	-3.0092923020982
3.5450000762939	-3.0362602069567
3.5480000972748	-3.0623250378687
3.5510001182556	-3.0876739643989
3.5539999008179	-3.1125399058601
3.5569999217987	-3.1371985258006
3.5599999427795	-3.1619684968898
3.5629999637604	-3.1872046213505
3.5659999847412	-3.2132963370803
3.5690000057220	-3.2406595425560
3.5720000267029	-3.2697343475698
3.5750000476837	-3.3009815112190
3.5780000686646	-3.3348742404984
3.5810000896454	-3.3718981755553
3.5840001106262	-3.4125416913363
3.5869998931885	-3.4572960854209
3.5899999141693	-3.5066570392098
3.5929999351501	-3.5611115199993
3.5959999561310	-3.6211435986701
3.5989999771118	-3.6872279369412
3.6019999980927	-3.7598341644043
3.6050000190735	-3.8394181487391
3.6080000400543	-3.9264309254130
3.6110000610352	-4.0213095899619
3.6140000820160	-4.1244806246789
3.6170001029968	-4.2363641207216
3.6199998855591	-4.3573685315440
3.6229999065399	-4.4878912002994
3.6259999275208	-4.6283259357151
3.6289999485016	-4.7790531676648
3.6319999694824	-4.9404475174213
3.6349999904633	-5.1128787165358
3.6380000114441	-5.2967042940661
3.6410000324249	-5.4922775443394
3.6440000534058	-5.6999380303701
3.6470000743866	-5.9200220118343
3.6500000953674	-6.1528416447028
3.6530001163483	-6.3987024060738
3.6559998989105	-6.6578803617077
3.6589999198914	-6.9306245282684
3.6619999408722	-7.2171424213252
3.6649999618530	-7.5175923224520
3.6679999828339	-7.8320595601841
3.6710000038147	-8.1605412099282
3.6740000247955	-8.5029126899602
3.6770000457764	-8.8588941476909
3.6800000667572	-9.2280029263986
3.6830000877380	-9.6094963993801
3.6860001087189	-10.002299797030
3.6889998912811	-10.404920646747
3.6919999122620	-10.815350311953
3.6949999332428	-11.230939526722
3.6979999542236	-11.648288399780
3.7009999752045	-12.063124313671
3.7039999961853	-12.470218393259
3.7070000171661	-12.863349928544
3.7100000381470	-13.235385356502
3.7130000591278	-13.578500695096
3.7160000801086	-13.884586166644
3.7190001010895	-14.145845669289
3.7219998836517	-14.355541362117
3.7249999046326	-14.508753955985
3.7279999256134	-14.603016733422
3.7309999465942	-14.638645365888
3.7339999675751	-14.618678136914
3.7369999885559	-14.548449776426
3.7400000095367	-14.434896596377
3.7430000305176	-14.285788396091
3.7460000514984	-14.109014636947
3.7490000724792	-13.912044829353
3.7520000934601	-13.701570234181
3.7550001144409	-13.483332711473
3.7579998970032	-13.262082399706
3.7609999179840	-13.041635067775
3.7639999389648	-12.824963455990
3.7669999599457	-12.614318866751
3.7699999809265	-12.411354082504
3.7730000019073	-12.217234160552
3.7760000228882	-12.032731818397
3.7790000438690	-11.858314071337
3.7820000648499	-11.694208142525
3.7850000858307	-11.540453753306
3.7880001068115	-11.396957115085
3.7909998893738	-11.263512893336
3.7939999103546	-11.139846934942
3.7969999313354	-11.025624812927
3.7999999523163	-10.920475720403
3.8029999732971	-10.824006270535
3.8059999942780	-10.735809703901
3.8090000152588	-10.655478154400
3.8120000362396	-10.582600543491
3.8150000572205	-10.516777219902
3.8180000782013	-10.457623714126
3.8210000991821	-10.404764589011
3.8239998817444	-10.357847669107
3.8269999027252	-10.316539034847
3.8299999237061	-10.280525181036
3.8329999446869	-10.249520429372
3.8359999656677	-10.223255436494
3.8389999866486	-10.201487827434
3.8420000076294	-10.184001069160
3.8450000286102	-10.170595587947
3.8480000495911	-10.161099160613
3.8510000705719	-10.155357648400
3.8540000915527	-10.153239097939
3.8570001125336	-10.154626635733
3.8599998950958	-10.159425121967
3.8629999160767	-10.167551873367
3.8659999370575	-10.178934949878
3.8689999580383	-10.193519752037
3.8719999790192	-10.211256014974
3.8750000000000	-10.232104430031
3.8780000209808	-10.256029719718
3.8810000419617	-10.282998668715
3.8840000629425	-10.312982046387
3.8870000839233	-10.345949733779
3.8900001049042	-10.381869059272
3.8929998874664	-10.420707870654
3.8959999084473	-10.462422844023
3.8989999294281	-10.506969625941
3.9019999504089	-10.554295598491
3.9049999713898	-10.604337176015
3.9079999923706	-10.657024606287
3.9110000133514	-10.712275280725
3.9140000343323	-10.769998616142
3.9170000553131	-10.830096609772
3.9200000762939	-10.892448982642
3.9230000972748	-10.956938499691
3.9260001182556	-11.023423933230
3.9289999008179	-11.091760415571
3.9319999217987	-11.161791654309
3.9349999427795	-11.233348309696
3.9379999637604	-11.306255022193
3.9409999847412	-11.380324490953
3.9440000057220	-11.455361483584
3.9470000267029	-11.531168556268
3.9500000476837	-11.607534613585
3.9530000686646	-11.684249089381
3.9560000896454	-11.761094481497
3.9590001106262	-11.837854526879
3.9619998931885	-11.914308883996
3.9649999141693	-11.990238968057
3.9679999351501	-12.065428548644
3.9709999561310	-12.139662017442
3.9739999771118	-12.212732623040
3.9769999980927	-12.284437465721
3.9800000190735	-12.354581195911
3.9830000400543	-12.422979722798
3.9860000610352	-12.489458865630
3.9890000820160	-12.553853120311
3.9920001029968	-12.616015975756
3.9949998855591	-12.675811764918
3.9979999065399	-12.733122222111
4.0009999275208	-12.787842507560
4.0040001869202	-12.839890246118
4.0069999694824	-12.889193555963
4.0100002288818	-12.935707774049
4.0130000114441	-12.979401783433
4.0159997940063	-13.020266849649
4.0190000534058	-13.058311769674
4.0219998359680	-13.093566841712
4.0250000953674	-13.126078945077
4.0279998779297	-13.155919475529
4.0310001373291	-13.183171312351
4.0339999198914	-13.207941891207
4.0370001792908	-13.230351141223
4.0399999618530	-13.250538571867
4.0430002212524	-13.268656363050
4.0460000038147	-13.284871348555
4.0489997863770	-13.299362078407
4.0520000457764	-13.312319673485
4.0549998283386	-13.323942843342
4.0580000877380	-13.334438871843
4.0609998703003	-13.344021655046
4.0640001296997	-13.352909476906
4.0669999122620	-13.361321427390
4.0700001716614	-13.369478907734
4.0729999542236	-13.377603947513
4.0760002136230	-13.385914893800
4.0789999961853	-13.394627335655
4.0819997787476	-13.403949570795
4.0850000381470	-13.414086674059
4.0879998207092	-13.425232832449
4.0910000801086	-13.437575611758
4.0939998626709	-13.451289817827
4.0970001220703	-13.466543393961
4.0999999046326	-13.483489399394
4.1030001640320	-13.502268620733
4.1059999465942	-13.523010084345
4.1090002059937	-13.545828407878
4.1119999885559	-13.570824607675
4.1149997711182	-13.598084664044
4.1180000305176	-13.627681306316
4.1209998130798	-13.659673664975
4.1240000724792	-13.694104684892
4.1269998550415	-13.731004310201
4.1300001144409	-13.770389038707
4.1329998970032	-13.812260172174
4.1360001564026	-13.856607652685
4.1389999389648	-13.903409194149
4.1420001983643	-13.952628277641
4.1449999809265	-14.004221168187
4.1479997634888	-14.058128788066
4.1510000228882	-14.114289027398
4.1539998054504	-14.172624912271
4.1570000648499	-14.233056957739
4.1599998474121	-14.295497231503
4.1630001068115	-14.359851933798
4.1659998893738	-14.426026327143
4.1690001487732	-14.493921545919
4.1719999313354	-14.563435100335
4.1750001907349	-14.634467737744
4.1779999732971	-14.706919849452
4.1810002326965	-14.780692310657
4.1840000152588	-14.855693051796
4.1869997978210	-14.931829811925
4.1900000572205	-15.009019260782
4.1929998397827	-15.087181390119
4.1960000991821	-15.166243226492
4.1989998817444	-15.246138691969
4.2020001411438	-15.326809631169
4.2049999237061	-15.408205615318
4.2080001831055	-15.490281626940
4.2109999656677	-15.573000986973
4.2140002250671	-15.656332340222
4.2170000076294	-15.740252349498
4.2199997901917	-15.824740435292
4.2230000495911	-15.909781804089
4.2259998321533	-15.995363807265
4.2290000915527	-16.081477129218
4.2319998741150	-16.168111382587
4.2350001335144	-16.255258473706
4.2379999160767	-16.342905515270
4.2410001754761	-16.431040653670
4.2439999580383	-16.519644284720
4.2470002174377	-16.608691920920
4.2500000000000	-16.698156308749
4.2529997825623	-16.788000584444
4.2560000419617	-16.878178742408
4.2589998245239	-16.968640928514
4.2620000839233	-17.059325786274
4.2649998664856	-17.150162551569
4.2680001258850	-17.241075918149
4.2709999084473	-17.331980606711
4.2740001678467	-17.422783456437
4.2769999504089	-17.513391535667
4.2800002098083	-17.603697841889
4.2829999923706	-17.693599883355
4.2859997749329	-17.782991499332
4.2890000343323	-17.871766126728
4.2919998168945	-17.959822028111
4.2950000762939	-18.047062856894
4.2979998588562	-18.133398238207
4.3010001182556	-18.218746355078
4.3039999008179	-18.303042564667
4.3070001602173	-18.386230552765
4.3099999427795	-18.468273907560
4.3130002021790	-18.549150479215
4.3159999847412	-18.628862211798
4.3189997673035	-18.707427977088
4.3220000267029	-18.784886274984
4.3249998092651	-18.861301975565
4.3280000686646	-18.936756702963
4.3309998512268	-19.011356972723
4.3340001106262	-19.085225295495
4.3369998931885	-19.158506029642
4.3400001525879	-19.231359293068
4.3429999351501	-19.303959515261
4.3460001945496	-19.376497778676
4.3489999771118	-19.449171871225
4.3520002365112	-19.522190928686
4.3550000190735	-19.595770529153
4.3579998016357	-19.670126246764
4.3610000610352	-19.745478300378
4.3639998435974	-19.822041953966
4.3670001029968	-19.900033074778
4.3699998855591	-19.979655126785
4.3730001449585	-20.061108589729
4.3759999275208	-20.144581498969
4.3790001869202	-20.230251082771
4.3819999694824	-20.318281353979
4.3850002288818	-20.408822491241
4.3880000114441	-20.502005572600
4.3909997940063	-20.597950494258
4.3940000534058	-20.696754255558
4.3969998359680	-20.798498921048
4.4000000953674	-20.903251182493
4.4029998779297	-21.011051201875
4.4060001373291	-21.121930508691
4.4089999198914	-21.235893819546
4.4120001792908	-21.352933205678
4.4149999618530	-21.473020792253
4.4180002212524	-21.596108537709
4.4210000038147	-21.722135690356
4.4239997863770	-21.851022928204
4.4270000457764	-21.982675183079
4.4299998283386	-22.116979506193
4.4330000877380	-22.253815158782
4.4359998703003	-22.393040602340
4.4390001296997	-22.534508654600
4.4419999122620	-22.678053025026
4.4450001716614	-22.823502982816
4.4479999542236	-22.970672093455
4.4510002136230	-23.119367474097
4.4539999961853	-23.269388757710
4.4569997787476	-23.420522163769
4.4600000381470	-23.572550417296
4.4629998207092	-23.725247042259
4.4660000801086	-23.878376198276
4.4689998626709	-24.031695597345
4.4720001220703	-24.184953909477
4.4749999046326	-24.337891845704
4.4780001640320	-24.490238137676
4.4809999465942	-24.641710777978
4.4840002059937	-24.792018312794
4.4869999885559	-24.940850387125
4.4899997711182	-25.087888145825
4.4930000305176	-25.232791571906
4.4959998130798	-25.375204303240
4.4990000724792	-25.514754464772
4.5019998550415	-25.651045621778
4.5050001144409	-25.783669148327
4.5079998970032	-25.912191226122
4.5110001564026	-26.036165693491
4.5139999389648	-26.155128583392
4.5170001983643	-26.268604421343
4.5199999809265	-26.376111228010
4.5229997634888	-26.477163439875
4.5260000228882	-26.571279240972
4.5289998054504	-26.657990650131
4.5320000648499	-26.736843950347
4.5349998474121	-26.807420322848
4.5380001068115	-26.869330189711
4.5409998893738	-26.922234890688
4.5440001487732	-26.965850231311
4.5469999313354	-26.999949379147
4.5500001907349	-27.024377088695
4.5529999732971	-27.039051105249
4.5560002326965	-27.043961102801
4.5590000152588	-27.039173397029
4.5619997978210	-27.024831770526
4.5650000572205	-27.001147254359
4.5679998397827	-26.968399394719
4.5710000991821	-26.926923731586
4.5739998817444	-26.877108449743
4.5770001411438	-26.819385054577
4.5799999237061	-26.754215098736
4.5830001831055	-26.682083101557
4.5859999656677	-26.603490256996
4.5890002250671	-26.518939933426
4.5920000076294	-26.428936551410
4.5949997901917	-26.333975277802
4.5980000495911	-26.234535577297
4.6009998321533	-26.131078827985
4.6040000915527	-26.024045951084
4.6069998741150	-25.913854642177
4.6100001335144	-25.800894513216
4.6129999160767	-25.685531480606
4.6160001754761	-25.568107750751
4.6189999580383	-25.448936844090
4.6220002174377	-25.328313800976
4.6250000000000	-25.206510929300
4.6279997825623	-25.083779704699
4.6310000419617	-24.960355834515
4.6339998245239	-24.836457056401
4.6370000839233	-24.712291371904
4.6399998664856	-24.588051908459
4.6430001258850	-24.463923639472
4.6459999084473	-24.340081673847
4.6490001678467	-24.216695309456
4.6519999504089	-24.093926079832
4.6550002098083	-23.971931665274
4.6579999923706	-23.850862381889
4.6609997749329	-23.730866775020
4.6640000343323	-23.612085991556
4.6669998168945	-23.494659982990
4.6700000762939	-23.378720522535
4.6729998588562	-23.264396263424
4.6760001182556	-23.151809084000
4.6789999008179	-23.041076391383
4.6820001602173	-22.932305467668
4.6849999427795	-22.825601230642
4.6880002021790	-22.721053164329
4.6909999847412	-22.618748309103
4.6939997673035	-22.518762907671
4.6970000267029	-22.421160683944
4.6999998092651	-22.325997774133
4.7030000686646	-22.233316692215
4.7059998512268	-22.143153476243
4.7090001106262	-22.055525186854
4.7119998931885	-21.970445759710
4.7150001525879	-21.887911037878
4.7179999351501	-21.807908098659
4.7210001945496	-21.730412580180
4.7239999771118	-21.655389135784
4.7270002365112	-21.582791996039
4.7300000190735	-21.512563960904
4.7329998016357	-21.444641142737
4.7360000610352	-21.378949523704
4.7389998435974	-21.315406348396
4.7420001029968	-21.253927132233
4.7449998855591	-21.194416643910
4.7480001449585	-21.136779015567
4.7509999275208	-21.080912872956
4.7540001869202	-21.026716427798
4.7569999694824	-20.974087341511
4.7600002288818	-20.922925702560
4.7630000114441	-20.873129668349
4.7659997940063	-20.824605651944
4.7690000534058	-20.777262325166
4.7719998359680	-20.731014409444
4.7750000953674	-20.685784213735
4.7779998779297	-20.641501924077
4.7810001373291	-20.598105233684
4.7839999198914	-20.555541379101
4.7870001792908	-20.513769303957
4.7899999618530	-20.472756805699
4.7930002212524	-20.432479166842
4.7960000038147	-20.392924196473
4.7989997863770	-20.354090177411
4.8020000457764	-20.315981854937
4.8049998283386	-20.278613540633
4.8080000877380	-20.242007300757
4.8109998703003	-20.206191602472
4.8140001296997	-20.171200762308
4.8169999122620	-20.137071791053
4.8200001716614	-20.103848191691
4.8229999542236	-20.071573603559
4.8260002136230	-20.040288752820
4.8289999961853	-20.010041327578
4.8319997787476	-19.980872564265
4.8350000381470	-19.952818732989
4.8379998207092	-19.925915447578
4.8410000801086	-19.900193717086
4.8439998626709	-19.875677018346
4.8470001220703	-19.852382685142
4.8499999046326	-19.830319736530
4.8530001640320	-19.809493271485
4.8559999465942	-19.789899128017
4.8590002059937	-19.771521993875
4.8619999885559	-19.754342829442
4.8649997711182	-19.738336639287
4.8680000305176	-19.723467740758
4.8709998130798	-19.709695362545
4.8740000724792	-19.696976353962
4.8769998550415	-19.685259797343
4.8800001144409	-19.674491436966
4.8829998970032	-19.664617166038
4.8860001564026	-19.655581385538
4.8889999389648	-19.647328360147
4.8920001983643	-19.639804522609
4.8949999809265	-19.632960663122
4.8979997634888	-19.626748650654
4.9010000228882	-19.621130177172
4.9039998054504	-19.616072183284
4.9070000648499	-19.611551803708
4.9099998474121	-19.607554271721
4.9130001068115	-19.604073877797
4.9159998893738	-19.601117936574
4.9190001487732	-19.598705514645
4.9219999313354	-19.596865826027
4.9250001907349	-19.595640154505
4.9279999732971	-19.595081831708
4.9310002326965	-19.595256292792
4.9340000152588	-19.596239943334
4.9369997978210	-19.598118088906
4.9400000572205	-19.600985310034
4.9429998397827	-19.604948459689
4.9460000991821	-19.610114796262
4.9489998817444	-19.616603648602
4.9520001411438	-19.624536665396
4.9549999237061	-19.634038954495
4.9580001831055	-19.645238795499
4.9609999656677	-19.658263996122
4.9640002250671	-19.673242819213
4.9670000076294	-19.690300927547
4.9699997901917	-19.709565644969
4.9730000495911	-19.731155576097
4.9759998321533	-19.755187242454
4.9790000915527	-19.781771143527
4.9819998741150	-19.811015011854
4.9850001335144	-19.843016404674
4.9879999160767	-19.877869554145
4.9910001754761	-19.915662938671
4.9939999580383	-19.956474505721
4.9970002174377	-20.000379463877
5.0000000000000	-20.047445863051
5.0029997825623	-20.097737039689
5.0060000419617	-20.151312694172
5.0089998245239	-20.208223047498
5.0120000839233	-20.268524629674
5.0149998664856	-20.332261377381
5.0180001258850	-20.399481278119
5.0209999084473	-20.470234998410
5.0240001678467	-20.544564346181
5.0269999504089	-20.622522913587
5.0300002098083	-20.704163280323
5.0329999923706	-20.789541241627
5.0359997749329	-20.878715901039
5.0390000343323	-20.971759318781
5.0419998168945	-21.068739555876
5.0450000762939	-21.169740759416
5.0479998588562	-21.274848300310
5.0510001182556	-21.384157890758
5.0539999008179	-21.497772091151
5.0570001602173	-21.615796824814
5.0599999427795	-21.738347019999
5.0630002021790	-21.865536799872
5.0659999847412	-21.997484325827
5.0689997673035	-22.134307948339
5.0720000267029	-22.276117006940
5.0749998092651	-22.423017060978
5.0780000686646	-22.575090616880
5.0809998512268	-22.732409206311
5.0840001106262	-22.895007380740
5.0869998931885	-23.062885066449
5.0900001525879	-23.235993668438
5.0929999351501	-23.414223361383
5.0960001945496	-23.597382467101
5.0989999771118	-23.785188142773
5.1020002365112	-23.977241635008
5.1050000190735	-24.173004910073
5.1079998016357	-24.371777438930
5.1110000610352	-24.572662559081
5.1139998435974	-24.774543027219
5.1170001029968	-24.976044202688
5.1199998855591	-25.175510967759
5.1230001449585	-25.370977376333
5.1259999275208	-25.560153597289
5.1290001869202	-25.740421865545
5.1319999694824	-25.908854267943
5.1350002288818	-26.062262541765
5.1380000114441	-26.197267757303
5.1409997940063	-26.310427806069
5.1440000534058	-26.398377635104
5.1469998359680	-26.458014944096
5.1500000953674	-26.486690965680
5.1529998779297	-26.482399992996
5.1560001373291	-26.443925394235
5.1589999198914	-26.370945890946
5.1620001792908	-26.264053337817
5.1649999618530	-26.124708629342
5.1680002212524	-25.955124643728
5.1710000038147	-25.758097881767
5.1739997863770	-25.536816228463
5.1770000457764	-25.294677538012
5.1799998283386	-25.035111302938
5.1830000877380	-24.761442174971
5.1859998703003	-24.476789180467
5.1890001296997	-24.183997378157
5.1919999122620	-23.885603457780
5.1950001716614	-23.583827554098
5.1979999542236	-23.280577404314
5.2010002136230	-22.977469998666
5.2039999961853	-22.675861603792
5.2069997787476	-22.376872935836
5.2100000381470	-22.081425488574
5.2129998207092	-21.790264969437
5.2160000801086	-21.503994020962
5.2189998626709	-21.223095248930
5.2220001220703	-20.947951929613
5.2249999046326	-20.678864311345
5.2280001640320	-20.416072284266
5.2309999465942	-20.159763539573
5.2340002059937	-19.910084547834
5.2369999885559	-19.667151875175
5.2399997711182	-19.431060920808
5.2430000305176	-19.201888059442
5.2459998130798	-18.979696721507
5.2490000724792	-18.764545876735
5.2519998550415	-18.556482827702
5.2550001144409	-18.355558462047
5.2579998970032	-18.161815793061
5.2610001564026	-17.975298704504
5.2639999389648	-17.796055536146
5.2670001983643	-17.624125334778
5.2699999809265	-17.459554766355
5.2729997634888	-17.302385375092
5.2760000228882	-17.152661849318
5.2789998054504	-17.010422872782
5.2820000648499	-16.875706141800
5.2849998474121	-16.748546239781
5.2880001068115	-16.628974626960
5.2909998893738	-16.517014110897
5.2940001487732	-16.412682758773
5.2969999313354	-16.315988748686
5.3000001907349	-16.226931731994
5.3029999732971	-16.145500172236
5.3060002326965	-16.071670340706
5.3090000152588	-16.005401230269
5.3119997978210	-15.946642191208
5.3150000572205	-15.895319758345
5.3179998397827	-15.851338298878
5.3210000991821	-15.814587731843
5.3239998817444	-15.784931020091
5.3270001411438	-15.762203754422
5.3299999237061	-15.746213881378
5.3330001831055	-15.736739728633
5.3359999656677	-15.733529824367
5.3390002250671	-15.736294471116
5.3420000076294	-15.744712371842
5.3449997901917	-15.758420520825
5.3480000495911	-15.777019598012
5.3509998321533	-15.800071014425
5.3540000915527	-15.827097483399
5.3569998741150	-15.857579541784
5.3600001335144	-15.890966555795
5.3629999160767	-15.926670122613
5.3660001754761	-15.964072654067
5.3689999580383	-16.002535051919
5.3720002174377	-16.041395629976
5.3750000000000	-16.079988904183
5.3779997825623	-16.117647962502
5.3810000419617	-16.153719257808
5.3839998245239	-16.187572318123
5.3870000839233	-16.218615324921
5.3899998664856	-16.246307945659
5.3930001258850	-16.270171419628
5.3959999084473	-16.289805414022
5.3990001678467	-16.304892535410
5.4019999504089	-16.315213611449
5.4050002098083	-16.320643446543
5.4079999923706	-16.321166011532
5.4109997749329	-16.316865279954
5.4140000343323	-16.307921572149
5.4169998168945	-16.294607223231
5.4200000762939	-16.277277596597
5.4229998588562	-16.256355804730
5.4260001182556	-16.232320876837
5.4289999008179	-16.205690029299
5.4320001602173	-16.177007163141
5.4349999427795	-16.146822437450
5.4380002021790	-16.115679637851
5.4409999847412	-16.084099502035
5.4439997673035	-16.052564989645
5.4470000267029	-16.021512318836
5.4499998092651	-15.991314772823
5.4530000686646	-15.962276869313
5.4559998512268	-15.934619992945
5.4590001106262	-15.908477779732
5.4619998931885	-15.883887449601
5.4650001525879	-15.860788857337
5.4679999351501	-15.839012898438
5.4710001945496	-15.818282556381
5.4739999771118	-15.798213304013
5.4770002365112	-15.778304060241
5.4800000190735	-15.757951725478
5.4829998016357	-15.736450809302
5.4860000610352	-15.712998753740
5.4889998435974	-15.686708566202
5.4920001029968	-15.656633093225
5.4949998855591	-15.621770652301
5.4980001449585	-15.581099774274
5.5009999275208	-15.533602063984
5.5040001869202	-15.478289916429
5.5069999694824	-15.414246683346
5.5100002288818	-15.340655413515
5.5130000114441	-15.256827544325
5.5159997940063	-15.162236118762
5.5190000534058	-15.056535669915
5.5219998359680	-14.939580676610
5.5250000953674	-14.811428076344
5.5279998779297	-14.672342416814
5.5310001373291	-14.522781619765
5.5339999198914	-14.363385276270
5.5370001792908	-14.194942406063
5.5399999618530	-14.018369432061
5.5430002212524	-13.834682628964
5.5460000038147	-13.644955300676
5.5489997863770	-13.450305892706
5.5520000457764	-13.251848056292
5.5549998283386	-13.050690134618
5.5580000877380	-12.847896067656
5.5609998703003	-12.644481068737
5.5640001296997	-12.441396473859
5.5669999122620	-12.239519947387
5.5700001716614	-12.039653072075
5.5729999542236	-11.842523446400
5.5760002136230	-11.648769763454
5.5789999961853	-11.458963452586
5.5819997787476	-11.273596897422
5.5850000381470	-11.093092750930
5.5879998207092	-10.917811626869
5.5910000801086	-10.748051673584
5.5939998626709	-10.584052886236
5.5970001220703	-10.426004223561
5.5999999046326	-10.274053445383
5.6030001640320	-10.128300958634
5.6059999465942	-9.9888069488857
5.6090002059937	-9.8556019500752
5.6119999885559	-9.7286805073931
5.6149997711182	-9.6080151936956
5.6180000305176	-9.4935463143273
5.6209998130798	-9.3851962685378
5.6240000724792	-9.2828665328100
5.6269998550415	-9.1864386761915
5.6300001144409	-9.0957763574489
5.6329998970032	-9.0107357245992
5.6360001564026	-8.9311515856237
5.6389999389648	-8.8568541639352
5.6420001983643	-8.7876593994810
5.6449999809265	-8.7233760543089
5.6479997634888	-8.6638100570283
5.6510000228882	-8.6087531451872
5.6539998054504	-8.5579987612998
5.6570000648499	-8.5113351267017
5.6599998474121	-8.4685465648406
5.6630001068115	-8.4294207277988
5.6659998893738	-8.3937404138927
5.6690001487732	-8.3612907986002
5.6719999313354	-8.3318619145434
5.6750001907349	-8.3052430020902
5.6779999732971	-8.2812318322540
5.6810002326965	-8.2596292103302
5.6840000152588	-8.2402409686538
5.6869997978210	-8.2228829005375
5.6900000572205	-8.2073768436877
5.6929998397827	-8.1935529481158
5.6960000991821	-8.1812520655123
5.6989998817444	-8.1703241171141
5.7020001411438	-8.1606262943016
5.7049999237061	-8.1520307682023
5.7080001831055	-8.1444167900879
5.7109999656677	-8.1376723814631
5.7140002250671	-8.1317017408032
5.7170000076294	-8.1264124864687
5.7199997901917	-8.1217235300910
5.7230000495911	-8.1175645498819
5.7259998321533	-8.1138738667250
5.7290000915527	-8.1105897600928
5.7319998741150	-8.1076695079000
5.7350001335144	-8.1050664525419
5.7379999160767	-8.1027425687021
5.7410001754761	-8.1006662758974
5.7439999580383	-8.0988058348438
5.7470002174377	-8.0971310909195
5.7500000000000	-8.0956187399567
5.7529997825623	-8.0942404302970
5.7560000419617	-8.0929705933376
5.7589998245239	-8.0917811924361
5.7620000839233	-8.0906460057963
5.7649998664856	-8.0895315265643
5.7680001258850	-8.0884036816389
5.7709999084473	-8.0872287969155
5.7740001678467	-8.0859642790674
5.7769999504089	-8.0845658846226
5.7800002098083	-8.0829871280923
5.7829999923706	-8.0811757440561
5.7859997749329	-8.0790760022132
5.7890000343323	-8.0766286260000
5.7919998168945	-8.0737720819927
5.7950000762939	-8.0704380413261
5.7979998588562	-8.0665587967338
5.8010001182556	-8.0620649250463
5.8039999008179	-8.0568816245172
5.8070001602173	-8.0509343105119
5.8099999427795	-8.0441511612876
5.8130002021790	-8.0364577335994
5.8159999847412	-8.0277799240736
5.8189997673035	-8.0180456730054
5.8220000267029	-8.0071906496465
5.8249998092651	-7.9951462923920
5.8280000686646	-7.9818539326088
5.8309998512268	-7.9672585215691
5.8340001106262	-7.9513105253554
5.8369998931885	-7.9339695646598
5.8400001525879	-7.9151997283687
5.8429999351501	-7.8949751278648
5.8460001945496	-7.8732776292837
5.8489999771118	-7.8501010821257
5.8520002365112	-7.8254443818611
5.8550000190735	-7.7993189767874
5.8579998016357	-7.7717480808762
5.8610000610352	-7.7427636936876
5.8639998435974	-7.7124044624712
5.8670001029968	-7.6807227996437
5.8699998855591	-7.6477798437150
5.8730001449585	-7.6136451399362
5.8759999275208	-7.5783953896418
5.8790001869202	-7.5421161822802
5.8819999694824	-7.5049015336496
5.8850002288818	-7.4668467406591
5.8880000114441	-7.4280558460586
5.8909997940063	-7.3886353524038
5.8940000534058	-7.3486957102784
5.8969998359680	-7.3083452879254
5.9000000953674	-7.2676984157455
5.9029998779297	-7.2268653213249
5.9060001373291	-7.1859544092813
5.9089999198914	-7.1450730543212
5.9120001792908	-7.1043235459928
5.9149999618530	-7.0638042898754
5.9180002212524	-7.0236072282419
5.9210000038147	-6.9838197557716
5.9239997863770	-6.9445199532292
5.9270000457764	-6.9057794619147
5.9299998283386	-6.8676619380220
5.9330000877380	-6.8302209593642
5.9359998703003	-6.7935030958349
5.9390001296997	-6.7575484529385
5.9419999122620	-6.7223795691783
5.9450001716614	-6.6880221852058
5.9479999542236	-6.6544830467044
5.9510002136230	-6.6217657713376
5.9539999961853	-6.5898678391424
5.9569997787476	-6.5587745645310
5.9600000381470	-6.5284705403619
5.9629998207092	-6.4989334415172
5.9660000801086	-6.4701330977920
5.9689998626709	-6.4420390688462
5.9720001220703	-6.4146192853585
5.9749999046326	-6.3878367337689
5.9780001640320	-6.3616589982876
5.9809999465942	-6.3360493407300
5.9840002059937	-6.3109783654640
5.9869999885559	-6.2864176116160
5.9899997711182	-6.2623443626419
5.9930000305176	-6.2387399056225
5.9959998130798	-6.2155918756435
5.9990000724792	-6.1928975397757
6.0019998550415	-6.1706608197263
6.0050001144409	-6.1488932373578
6.0079998970032	-6.1276168656278
6.0110001564026	-6.1068623688946
6.0139999389648	-6.0866704907231
6.0170001983643	-6.0670892725820
6.0199999809265	-6.0481782650418
6.0229997634888	-6.0300041286307
6.0260000228882	-6.0126414364715
6.0289998054504	-5.9961716664592
6.0320000648499	-5.9806837208882
6.0349998474121	-5.9662716339350
6.0380001068115	-5.9530359260519
6.0409998893738	-5.9410745790096
6.0440001487732	-5.9304940078849
6.0469999313354	-5.9213987435373
6.0500001907349	-5.9138962786271
6.0529999732971	-5.9080856966146
6.0560002326965	-5.9040725653711
6.0590000152588	-5.9019558165852
6.0619997978210	-5.9018283777626
6.0650000572205	-5.9037793382574
6.0679998397827	-5.9078933998050
6.0710000991821	-5.9142487850527
6.0739998817444	-5.9229189238233
6.0770001411438	-5.9339621713230
6.0799999237061	-5.9474415417231
6.0830001831055	-5.9634041923471
6.0859999656677	-5.9818938817068
6.0890002250671	-6.0029469648618
6.0920000076294	-6.0265935462215
6.0949997901917	-6.0528587649654
6.0980000495911	-6.0817646229204
6.1009998321533	-6.1133290092396
6.1040000915527	-6.1475635213411
6.1069998741150	-6.1844831901453
6.1100001335144	-6.2241011691906
6.1129999160767	-6.2664330272672
6.1160001754761	-6.3114962566858
6.1189999580383	-6.3593170702763
6.1220002174377	-6.4099234405578
6.1250000000000	-6.4633552397977
6.1279997825623	-6.5196612066181
6.1310000419617	-6.5789028513541
6.1339998245239	-6.6411563666493
6.1370000839233	-6.7065131758316
6.1399998664856	-6.7750793791308
6.1430001258850	-6.8469828226839
6.1459999084473	-6.9223717990211
6.1490001678467	-7.0014141610049
6.1519999504089	-7.0843027793865
6.1550002098083	-7.1712514888795
6.1579999923706	-7.2625017113735
6.1609997749329	-7.3583205643199
6.1640000343323	-7.4589985639869
6.1669998168945	-7.5648568335051
6.1700000762939	-7.6762436324476
6.1729998588562	-7.7935349026397
6.1760001182556	-7.9171375076273
6.1789999008179	-8.0474858913872
6.1820001602173	-8.1850494864592
6.1849999427795	-8.3303277478483
6.1880002021790	-8.4838565267253
6.1909999847412	-8.6462074004893
6.1939997673035	-8.8179895415999
6.1970000267029	-8.9998549078623
6.1999998092651	-9.1925042749024
